Processes   Burst Time   Arrival Time     Waiting Time   Turn-Around Time  Completion Time
 0		2		0		0		2		 2
 1		33		1		1		34		 35
 2		20		5		30		50		 55
 3		1		17		38		39		 56
 4		80		20		36		116		 136
 5		6		30		106		112		 142
 6		10		41		101		111		 152
 7		120		45		107		227		 272
 8		2		60		212		214		 274
 9		25		100		174		199		 299
Average waiting time = 80.5
Average turn around time = 110.4
0|0|1|1|1|1|1|1|1|1|1|1|1|1|1|1|1|1|1|1|1|1|1|1|1|1|1|1|1|1|1|1|1|1|1|2|2|2|2|2|2|2|2|2|2|2|2|2|2|2|2|2|2|2|2|3|4|4|4|4|4|4|4|4|4|4|4|4|4|4|4|4|4|4|4|4|4|4|4|4|4|4|4|4|4|4|4|4|4|4|4|4|4|4|4|4|4|4|4|4|4|4|4|4|4|4|4|4|4|4|4|4|4|4|4|4|4|4|4|4|4|4|4|4|4|4|4|4|4|4|4|4|4|4|4|4|5|5|5|5|5|5|6|6|6|6|6|6|6|6|6|6|7|7|7|7|7|7|7|7|7|7|7|7|7|7|7|7|7|7|7|7|7|7|7|7|7|7|7|7|7|7|7|7|7|7|7|7|7|7|7|7|7|7|7|7|7|7|7|7|7|7|7|7|7|7|7|7|7|7|7|7|7|7|7|7|7|7|7|7|7|7|7|7|7|7|7|7|7|7|7|7|7|7|7|7|7|7|7|7|7|7|7|7|7|7|7|7|7|7|7|7|7|7|7|7|7|7|7|7|7|7|7|7|7|7|7|7|7|7|7|7|8|8|9|9|9|9|9|9|9|9|9|9|9|9|9|9|9|9|9|9|9|9|9|9|9|9|9|