Processes   Burst Time   Arrival Time     Waiting Time   Turn-Around Time  Completion Time
 0		2		0		0		2		 2
 1		33		1		1		34		 35
 3		1		17		18		19		 36
 5		6		30		6		12		 42
 6		10		41		1		11		 52
 2		20		5		47		67		 72
 8		2		60		12		14		 74
 4		80		20		54		134		 154
 9		25		100		54		79		 179
 7		120		45		134		254		 299
Average waiting time = 32.7
Average turn around time = 62.6
0|0|1|1|1|1|1|1|1|1|1|1|1|1|1|1|1|1|1|1|1|1|1|1|1|1|1|1|1|1|1|1|1|1|1|3|5|5|5|5|5|5|6|6|6|6|6|6|6|6|6|6|2|2|2|2|2|2|2|2|2|2|2|2|2|2|2|2|2|2|2|2|8|8|4|4|4|4|4|4|4|4|4|4|4|4|4|4|4|4|4|4|4|4|4|4|4|4|4|4|4|4|4|4|4|4|4|4|4|4|4|4|4|4|4|4|4|4|4|4|4|4|4|4|4|4|4|4|4|4|4|4|4|4|4|4|4|4|4|4|4|4|4|4|4|4|4|4|4|4|4|4|4|4|9|9|9|9|9|9|9|9|9|9|9|9|9|9|9|9|9|9|9|9|9|9|9|9|9|7|7|7|7|7|7|7|7|7|7|7|7|7|7|7|7|7|7|7|7|7|7|7|7|7|7|7|7|7|7|7|7|7|7|7|7|7|7|7|7|7|7|7|7|7|7|7|7|7|7|7|7|7|7|7|7|7|7|7|7|7|7|7|7|7|7|7|7|7|7|7|7|7|7|7|7|7|7|7|7|7|7|7|7|7|7|7|7|7|7|7|7|7|7|7|7|7|7|7|7|7|7|7|7|7|7|7|7|7|7|7|7|7|7|7|7|7|7|7|7|