Processes   Burst Time   Arrival Time     Priority     Waiting Time   Turn-Around Time  Completion Time
 0		2		0		2		0		2		 2
 1		33		1		3		1		34		 35
 5		6		30		5		5		11		 41
 2		20		5		5		36		56		 61
 8		2		60		7		1		3		 63
 4		80		20		5		43		123		 143
 3		1		17		5		126		127		 144
 6		10		41		6		103		113		 154
 7		120		45		7		109		229		 274
 9		25		100		5		174		199		 299
Average waiting time = 59.8
Average turn around time = 89.7
0|0|1|1|1|1|1|1|1|1|1|1|1|1|1|1|1|1|1|1|1|1|1|1|1|1|1|1|1|1|1|1|1|1|1|5|5|5|5|5|5|2|2|2|2|2|2|2|2|2|2|2|2|2|2|2|2|2|2|2|2|8|8|4|4|4|4|4|4|4|4|4|4|4|4|4|4|4|4|4|4|4|4|4|4|4|4|4|4|4|4|4|4|4|4|4|4|4|4|4|4|4|4|4|4|4|4|4|4|4|4|4|4|4|4|4|4|4|4|4|4|4|4|4|4|4|4|4|4|4|4|4|4|4|4|4|4|4|4|4|4|4|4|3|6|6|6|6|6|6|6|6|6|6|7|7|7|7|7|7|7|7|7|7|7|7|7|7|7|7|7|7|7|7|7|7|7|7|7|7|7|7|7|7|7|7|7|7|7|7|7|7|7|7|7|7|7|7|7|7|7|7|7|7|7|7|7|7|7|7|7|7|7|7|7|7|7|7|7|7|7|7|7|7|7|7|7|7|7|7|7|7|7|7|7|7|7|7|7|7|7|7|7|7|7|7|7|7|7|7|7|7|7|7|7|7|7|7|7|7|7|7|7|7|7|7|7|7|7|7|7|7|7|7|9|9|9|9|9|9|9|9|9|9|9|9|9|9|9|9|9|9|9|9|9|9|9|9|9|