Time slice3
Processes   Burst Time   Arrival Time     Waiting Time   Turn-Around Time  Completion Time
 0		2		0		0		2		 2
 1		33		1		88		121		 122
 2		20		5		51		71		 76
 3		1		17		3		4		 21
 4		80		20		151		231		 251
 5		6		30		12		18		 48
 6		10		41		41		51		 92
 7		120		45		134		254		 299
 8		2		60		9		11		 71
 9		25		100		58		83		 183
Average waiting time = 54.7
Average turn around time = 84.6
0|0|1|1|1|2|2|2|1|1|1|2|2|2|1|1|1|2|2|2|3|4|4|4|1|1|1|2|2|2|4|4|4|5|5|5|1|1|1|2|2|2|4|4|4|5|5|5|6|6|6|7|7|7|1|1|1|2|2|2|4|4|4|6|6|6|7|7|7|8|8|1|1|1|2|2|4|4|4|6|6|6|7|7|7|1|1|1|4|4|4|6|7|7|7|1|1|1|4|4|4|7|7|7|9|9|9|1|1|1|4|4|4|7|7|7|9|9|9|1|1|1|4|4|4|7|7|7|9|9|9|4|4|4|7|7|7|9|9|9|4|4|4|7|7|7|9|9|9|4|4|4|7|7|7|9|9|9|4|4|4|7|7|7|9|9|9|4|4|4|7|7|7|9|9|9|4|4|4|7|7|7|9|4|4|4|7|7|7|4|4|4|7|7|7|4|4|4|7|7|7|4|4|4|7|7|7|4|4|4|7|7|7|4|4|4|7|7|7|4|4|4|7|7|7|4|4|4|7|7|7|4|4|4|7|7|7|4|4|4|7|7|7|4|4|4|7|7|7|4|4|7|7|7|7|7|7|7|7|7|7|7|7|7|7|7|7|7|7|7|7|7|7|7|7|7|7|7|7|7|7|7|7|7|7|7|7|7|7|7|7|7|7|7|7|7|7|7|7|